-1.151
1.522
0.842
-0.427
0.358
1.578
0.835
1.186
0.878
0.825
0.713
0.039
-1.193
-0.542
0.033
0.973
0.092
-0.032
-1.488
1.429
0.173
-0.578
-0.792
0.78
-1.657
-0.891
1.12
0.549
-0.629
0.57
-0.985
-0.994
0.956
-0.385
0.384
0.337
0.803
1.076
-0.657
-1.642
0.815
0.786
1.908
1.431
-1.89
1.572
-0.826
-0.298
-2.518
3.024
-1.261
-0.638
-0.517
0.702
-0.479
0.708
-0.309
-0.851
0.396
2.553
0.043
0.6
1.994
0.202
-0.969
-1.866
-0.233
-2.105
-0.911
-0.44
-0.01
2.55
-0.794
1.256
-0.404
1.4
0.495
1.801
-1.262
0.509
0.429
0.163
2.54
1.81
0.497
-1.182
1.054
1.443
0.878
1.113
1.7
1.166
0.339
-0.691
-1.228
-1.228
0.03
1.007
-0.573
-0.737
-0.817
1.014
-0.44
-0.096
0.881
1.026
-1.418
1.455
-0.608
0.074
-2.239
1.784
3.406
1.567
2.458
2.107
2.924
-0.243
2.223
3.708
2.745
3.206
3.183
-0.399
1.522
0.654
0.162
1.703
-1.318
-0.097
-0.717
0.689
0.916
-0.486
-1.393
1.066
0.509
0.038
0.743
0.767
0.315
0
0.807
-0.687
1.905
0.653
1.624
0.892
-0.414
2.503
-1.447
-1.89
0.828
2.025
-1.096
0.335
0.568
1.29
-1.328
2.221
0.693
-0.493
-0.958
0.172
-0.669
-0.034
1.88
-0.852
-0.069
0.458
-0.147
0.112
0.394
-0.3
-1.807
2.39
-0.574
-0.018
1.487
0.833
0.705
-0.367
-0.965
1.21
-1.655
0.336
0.734
-0.116
-0.452
1.904
0.371
-1.878
-0.999
0.315
-0.443
1.108
0.362
-0.327
1.189
-0.752
-0.437
-1.971
-0.147
0.617
-0.697
-3.209
1.409
1.335
-1.404
-0.835
1.479
-0.354
-0.172
-1.412
4.101
2.147
-0.883
-0.379
-1.733
-0.715
1.274
-0.143
-0.249
-0.13
0.725
1.278
-0.317
1.864
-0.638
1.136
-0.143
1.295
-0.394
-0.195
1.354
-0.582
-0.45
-1.145
-0.967
0.812
2.865
2.622
1.778
1.393
0.06
0.038
2.711
-0.215
1.099
-0.371
2.94
1.05
1.921
0.252
-0.902
2.698
1.138
2.074
0.823
3.146
0.753
-0.085
1.895
1.936
2.861
0.995
4.097
2.292
2.705
5.266
4.451
4.818
5.816
7.606
6.892
6.554
8.223
9.684
11.213
12.154
11.584
13.158
16.049
15.698
16.439
17.621
19.473
20.668
24.984
23.68
27.909
27.458
30.371
31.947
35.448
34.99
36.404
40.525
40.489
42.923
44.019
48.134
47.882
51.138
53.229
54.901
58.777
61.262
63.215
63.757
65.286
65.296
64.777
65.523
65.083
63.629
62.035
61.211
60.352
57.528
54.126
50.448
48.271
47.208
43.008
43.496
39.668
37.445
35.561
33.022
31.52
30.579
29.463
30.042
28.393
27.553
25.109
25.205
21.947
20.744
20.188
20.055
18.392
17.764
17.639
18.285
18.39
15.846
15.571
15.622
12.295
11.935
12.335
11.788
13.173
10.979
12.349
10.043
12.36
12.517
11.557
10.297
12.891
11.753
10.758
11.171
11.82
10.627
11.181
10.489
12.15
11.52
11.74
11.625
15.073
12.794
12.949
12.913
13.724
14.398
17.363
14.875
15.416
16.453
17.496
17.872
16.481
16.262
14.033
16.681
18.815
18.469
19.498
19.447
20.999
18.739
20.847
19.562
20.41
21.78
22.127
22.473
23.752
25.477
21.679
21.34
24.54
26.067
25.109
24.141
25.774
25.375
24.798
24.416
24.67
27.177
24.559
24.056
23.003
25.69
27.78
26.888
24.844
25.44
26.011
25.414
26.163
27.672
26.591
27.394
27.065
25.96
25.249
26.185
26.472
27.749
26.021
27.48
27.407
28.36
29.33
27.276
25.494
27.051
27.76
27.641
27.782
25.974
27.543
26.556
27.792
27.333
26.868
26.539
27.374
27.702
26.186
27.583
26.054
27.902
27.602
25.082
27.781
28.57
26.955
24.684
25.382
26.138
26.793
26.615
25.968
26.694
27.426
25.652
28.33
25.443
25.331
26.581
26.953
26.716
26.364
27.602
24.148
25.499
24.981
24.449
27.221
26.543
24.641
25.218
28.38
24.494
22.646
23.843
24.573
24.242
24.327
22.104
24.866
25.9
23.035
24.773
23.762
24.639
24.213
23.287
23.576
31.046
24.523
24.086
22.253
23.258
21.964
23.677
22.897
22.013
24.573
22.179
23.366
22.152
20.639
25.129
22.507
19.707
20.214
21.998
20.889
18.895
17.535
19.303
19.108
18.06
17.01
17.878
15.564
16.786
18.071
17.438
16.452
16.24
18.772
14.215
15.726
16.702
17.43
16.755
15.144
14.533
16.652
16.759
16.363
14.608
15.209
13.729
14.19
13.277
14.232
13.012
13.711
13.607
12.917
11.977
14.543
13.273
12.881
12.236
13.21
13.248
11.817
11.842
10.62
11.836
10.925
10.577
10.852
9.651
10.947
13.624
9.603
10.466
9.121
8.655
9.223
9.154
10.891
9.058
7.794
7.688
8.395
7.967
8.55
8.093
9.806
8.112
6.715
5.476
7.331
6.635
9.103
6.82
8.053
8.347
7.166
5.918
6.657
7.55
8.544
6.792
8.372
7.492
8.808
4.435
4.748
4.894
4.247
5.898
5.678
3.958
5.335
4.716
3.214
4.72
4.917
4.927
4.413
3.471
3.112
4.087
4.779
2.764
4.85
3.269
2.597
6.921
2.798
4.964
2.822
1.855
3.871
4.072
3.254
4.31
3.634
3.555
1.77
1.293
2.649
3.101
2.789
4.229
4.027
2.87
1.581
3.247
3.192
3.348
2.089
3.508
2.318
-0.059
0.747
0.963
2.011
4.955
2.121
2.422
0.672
4.114
0.4
-0.133
0.383
0.432
3.466
0.737
0.994
0.844
3.135
1.345
0.757
2.26
0.75
-0.115
2.109
1.755
0.801
1.187
3.63
1.746
0.667
-0.233
1.091
2.825
1.276
2.875
1.385
1.475
0.271
3.744
0.208
1.038
-0.482
-0.143
1.478
-0.359
1.025
2.336
-0.253
0.132
0.163
2.433
1.35
1.809
-1.649
2.598
0.303
1.404
0.071
1.113
1.65
-0.544
1.329
2.217
1.16
1.773
4.097
0.88
1.486
0.941
-0.524
0.128
-0.251
-0.291
1.625
1.208
1.985
-1.645
2.478
0.546
-0.377
1.645
1.271
1.622
0.354
-0.377
-0.096
0.163
0.755
0.911
2.658
-0.851
-0.346
-0.559
-0.08
2.124
0.534
-0.54
-0.838
1.478
0.543
-0.172
-0.678
0.415
-0.054
0.046
0.61
2.108
1.58
3.36
0.442
-0.026
-0.363
-0.027
1.086
1.02
0.848
0.354
0.032
-0.477
-0.564
1.12
0.231
-0.184
-0.291
0.877
0.1
0.572
0.15
0.627
0.383
1.181
1.738
-0.082
1.107
0.695
2.32
1.133
0.923
1.939
0.712
0.535
1.424
-1.123
-1.024
0.934
1.01
-0.036
0.258
-0.091
-0.81
-1.048
0.947
-0.644
-1.227
-0.355
0.764
-0.902
-0.106
-0.192
-2.105
0.775
2.132
2.107
-0.153
-0.529
-1.786
2.066
-0.8
1.015
0.301
0.18
-0.231
0.659
0.416
0.94
-0.235
-0.241
0.438
0.272
1.786
0.059
1.433
-0.668
0.688
-1.08
0.591
0.041
0.148
0.15
2.247
1.681
2.606
-1.036
0.721
-0.095
1.946
0.555
-1.526
0.471
0.036
0.288
1.29
0.974
-0.949
-1.61
2.01
-0.305
-0.306
0.345
-0.081
2.603
-0.548
-0.607
1.321
0.568
-0.338
0.426
-2.218
-0.865
-0.059
1.093
2.817
1.127
-0.783
0.726
-0.607
1.045
0.195
-2.497
-1.001
2.089
-0.747
0.347
-0.746
-0.534
0.674
0.601
-0.769
-1.531
-0.987
1.505
-0.552
1.279
0.528
-1.746
1.189
0.009
2.325
0.6
-0.425
-0.76
0.866
-2.323
-0.856
-1.478
0.877
0.825
-0.136
-0.485
1.574
1.161
-0.006
-0.076
0.092
0.939
2.499
-0.556
1.739
0.78
-0.211
11.966
-1.377
-0.707
-0.804
1.359
1.311
2.434
-0.959
0.477
1.681
-3.117
-0.507
1.025
0.642
0.506
-0.488
-1.729
-1.732
-0.792
-1.179
1.846
-1.212
-0.219
0.505
1.568
0.933
0.005
2.438
0.281
0.861
0.077
0.326
1.129
-0.208
0.436
-1.417
-0.469
-1.094
-1.47
-2.266
-0.532
0.942
-0.971
1.24
0.947
-2.957
1.667
0.542
0.52
-0.584
0.337
-0.452
0.306
1.112
0.376
1.321
1.28
1.694
0.524
-1.147
2.594
-0.289
0.386
-0.358
-1.643
-1.558
2.308
-0.298
1.114
0.228
-0.838
-0.304
-1.301
1.007
1.036
-0.501
1.071
0.311
-1.088
-0.56
3.234
-0.276
-0.317
1.615
-0.492
0.663
-0.675
-0.919
-1.185
-0.516
0.246
0.066
-0.412
-1.254
1.439
-0.56
-1.519
0.718
0.746
0.887
0.803
0.405
-0.01
-0.733
-0.33
0.783
1.548
-0.403
-1.201
-1.583
-0.838
-0.765
2
1
